Webots Project File version R2021b
perspectives: 000000ff00000000fd0000000300000000000002bf000003a2fc0100000001fb0000001e00480074006d006c0052006f0062006f007400570069006e0064006f0077020000000100000040000002bf000003a2000000010000011c000002c7fc0200000001fb0000001400540065007800740045006400690074006f0072000000001a000002c70000004100ffffff00000003000004e4000000d9fc0100000001fb0000001a0043006f006e0073006f006c00650041006c006c0041006c006c0100000000000004e40000006900ffffff000004e4000002c700000001000000020000000100000008fc00000000
simulationViewPerspectives: 000000ff00000001000000020000012c000002900100000002010000000100
sceneTreePerspectives: 000000ff0000000100000002000000c0000000fa0100000002010000000200
maximizedDockId: -1
centralWidgetVisible: 1
orthographicViewHeight: 1
textFiles: -1
globalOptionalRendering: LidarRaysPaths::LidarPointClouds
consoles: Console:All:All
renderingDevicePerspectives: Sojourner:camera;1;0.188889;0.00315789;0
